Filetype: Flipper SubGhz Key File
Version: 1
Frequency: 433920000
Preset: FuriHalSubGhzPresetOok650Async
Lat: 0.000000
Lon: 0.000000
Protocol: Nexus-TH
Id: 40
Bit: 36
Data: 00 00 00 02 89 17 2F 1C
Batt: 1
Hum: 28
Ts: 1734302226
Ch: 2
Btn: 255
Temp: 37.000000
